1 3 99 12 15
15 14 14 15 14 15 12 14 14 14 12 15 14 14 15 15 15 14 14 14 15 14 14 14 14 14 14 14 14 14 14 14 14 12 14 14 15 12 14 14 15 12 12 12 15 12 15 15 12 12 14 14 14 12 14 15 14 14 12 12 14 14 12 15 12 14 14 14 15 14 14 14 15 12 14 14 15 15 14 12 14 14 14 14 14 12 12 12 15 15 14 12 14 14 12 14 12 14 12 15 15 12 


2 3 100 32 34
32 34 34 32 34 32 33 33 34 32 32 33 32 33 33 33 32 34 33 34 34 33 33 34 34 32 32 32 32 33 32 34 33 32 33 32 33 32 34 34 33 34 34 33 32 33 32 32 34 34 34 34 34 34 32 33 32 33 32 33 32 34 33 34 33 34 32 33 32 33 32 33 33 32 33 34 32 34 33 34 34 33 34 32 34 34 34 33 34 33 34 33 33 32 33 32 32 32 34 34 33 


3 0 82 36 38
36 38 38 38 36 38 36 38 38 38 36 38 38 38 36 38 38 38 38 38 38 38 38 36 38 38 38 38 36 38 38 38 36 38 38 36 38 38 36 38 36 38 38 38 38 38 38 36 38 38 36 36 36 36 38 38 38 38 38 36 38 38 38 36 38 36 38 36 38 38 38 36 38 38 38 38 36 38 36 38 36 38 38 38 38 38 38 38 38 38 36 36 36 38 36 38 36 38 38 36 38 36 38 36 38 38 38 38 36 38 36 36 38 36 36 36 36 38 38 36 36 38 


4 1 49 15 26
21 24 24 20 20 26 24 16 15 18 24 15 25 24 25 16 25 26 18 15 20 25 22 22 15 20 18 16 15 16 15 25 24 20 18 20 18 15 24 22 15 24 20 15 18 25 24 25 25 24 25 22 25 26 24 26 21 22 18 20 24 15 22 24 22 16 18 16 15 21 24 20 16 15 16 20 16 24 20 22 25 18 24 20 20 20 20 18 25 15 24 24 15 25 21 24 24 21 18 18 20 25 22 16 16 20 18 20 21 18 18 24 16 20 26 20 21 15 20 26 22 26 15 15 15 20 21 18 16 20 22 20 22 22 18 18 26 18 26 20 20 26 24 24 25 18 16 24 18 20 21 18 21 24 20 15 25 20 24 26 22 24 25 18 18 20 18 24 25 20 18 24 24 25 21 21 24 15 21 26 16 21 15 18 20 18 26 16 20 24 20 18 24 24 15 18 20 24 20 22 18 16 15 24 18 


5 0 93 6 9
8 6 9 8 9 8 8 8 8 8 9 8 8 8 9 8 8 8 6 8 8 8 8 8 6 8 9 6 6 8 6 9 8 9 8 9 6 9 6 8 8 8 6 6 9 8 9 6 8 8 8 9 6 8 8 9 9 8 8 6 8 9 6 9 9 6 8 9 9 9 8 8 6 9 9 8 6 8 8 9 9 6 8 8 8 9 6 9 9 8 8 6 8 6 8 6 6 8 6 8 8 8 8 6 8 8 9 6 


6 1 92 23 29
24 24 28 28 25 25 28 28 24 26 27 28 25 24 24 27 26 28 25 24 24 24 28 24 24 28 24 24 24 26 24 28 24 25 25 28 28 24 27 28 28 28 28 24 24 24 24 24 24 24 24 28 24 28 28 27 25 24 28 27 27 25 26 24 28 26 27 27 25 24 24 24 24 25 24 25 24 28 24 26 24 26 24 25 25 24 25 26 27 25 28 25 24 26 28 28 26 28 24 25 28 28 25 25 25 24 24 28 28 


7 3 78 31 36
35 34 33 33 35 32 34 35 36 32 36 35 32 34 32 34 36 33 32 32 36 34 32 34 32 36 36 32 36 36 32 35 33 32 35 32 36 33 32 33 36 36 36 32 36 35 32 34 34 34 36 33 33 32 36 34 34 32 33 33 32 34 36 32 35 36 33 35 34 36 35 36 32 32 32 32 32 36 34 34 32 36 32 36 36 35 32 34 34 36 36 36 33 35 36 32 32 36 33 32 32 32 32 33 36 32 32 32 35 32 35 34 32 32 36 33 32 32 32 33 36 32 34 33 35 32 32 32 35 


8 1 96 47 53
52 48 50 51 52 52 52 50 49 48 48 50 52 50 48 52 48 50 48 48 51 52 48 48 52 49 51 52 52 51 51 52 49 52 49 52 49 51 48 48 52 48 51 52 49 50 50 49 52 52 48 50 50 50 52 48 50 49 49 50 52 48 52 52 52 48 49 52 52 48 51 50 51 51 49 48 52 50 50 49 52 48 52 50 49 52 52 51 48 50 50 48 48 52 52 52 49 50 50 48 48 52 49 51 52 


9 3 61 24 27
24 26 25 27 27 24 26 25 26 26 25 27 25 26 26 26 24 26 26 24 27 25 24 24 27 26 26 27 27 26 27 26 26 25 24 24 26 25 25 24 25 27 25 25 24 24 25 25 27 27 24 24 25 24 25 26 24 24 25 27 25 26 24 27 24 25 27 25 26 26 25 27 25 27 26 25 27 25 25 26 27 27 25 24 27 27 25 26 24 25 25 25 27 27 26 26 24 24 24 24 26 27 25 26 25 26 26 25 27 27 25 26 25 24 26 26 25 25 26 25 27 24 24 26 26 26 26 27 24 25 27 26 25 25 25 25 25 26 27 24 24 27 27 24 24 24 24 26 25 25 26 27 27 24 24 27 27 26 24 27 24 25 27 27 


10 0 91 64 67
66 66 66 66 66 64 66 65 66 66 66 65 66 66 65 66 66 64 64 64 64 66 66 64 65 64 64 65 66 66 64 66 64 66 65 66 64 65 66 64 65 65 66 66 66 66 65 66 66 66 66 64 66 64 66 64 66 66 64 66 66 66 64 66 66 64 66 66 65 66 66 65 66 66 65 65 64 65 65 65 65 64 66 65 64 64 66 65 66 65 66 65 64 66 66 65 66 66 66 66 66 65 66 66 64 66 65 66 66 66 


11 2 45 7 17
8 16 9 9 12 8 15 15 8 15 16 8 16 9 16 12 14 12 8 9 10 10 8 8 8 12 12 10 15 12 14 15 12 9 9 8 12 16 9 12 12 16 14 14 12 12 12 8 8 16 14 14 12 15 16 14 8 12 8 12 10 12 8 12 12 8 12 16 8 8 16 14 8 16 8 14 16 12 14 14 12 12 14 14 14 16 8 16 12 14 12 16 8 9 16 10 12 8 16 16 12 8 12 12 14 10 16 16 14 16 8 9 16 16 16 15 14 12 8 16 8 16 16 12 16 9 12 8 9 12 8 9 10 12 12 14 10 8 8 14 15 12 15 15 15 12 12 14 9 8 16 16 10 8 12 8 9 12 12 10 10 12 14 9 8 12 14 8 15 12 16 10 12 15 14 16 12 16 8 9 12 8 14 8 15 15 15 12 12 8 14 10 15 15 16 12 9 14 16 14 16 15 8 8 8 15 15 12 16 12 10 16 16 9 8 12 12 8 8 15 15 12 12 


12 0 86 5 15
14 12 10 12 10 6 12 12 6 8 14 15 6 10 10 14 9 9 15 9 15 12 8 12 10 14 12 12 12 14 12 10 8 12 6 6 10 12 14 6 12 12 6 6 15 10 12 12 12 14 6 8 6 15 9 8 12 8 9 8 8 6 6 14 12 12 15 6 6 15 8 6 6 10 9 6 14 12 8 12 9 10 12 14 10 14 8 15 14 12 6 10 8 6 10 10 6 8 14 8 8 12 10 9 10 6 10 12 15 8 14 12 8 9 10 6 8 


13 3 71 30 34
32 33 32 34 32 34 32 32 33 32 32 32 30 30 30 32 32 32 33 33 34 32 34 30 33 32 32 33 34 32 34 30 34 30 33 33 32 34 34 30 33 30 32 34 30 34 34 33 34 34 32 33 32 33 33 32 30 32 32 32 30 32 34 33 30 33 34 33 32 34 34 30 30 32 30 32 32 30 32 32 32 32 32 34 33 32 33 33 34 30 32 34 32 32 30 32 30 34 33 30 30 34 33 30 34 32 32 32 30 32 32 33 30 32 34 32 30 30 32 32 32 32 33 34 32 30 30 34 34 32 30 32 34 30 34 34 33 34 32 30 34 


14 1 80 2 6
4 6 4 4 4 6 4 3 6 4 4 4 4 4 4 6 4 4 6 4 6 6 6 6 6 4 6 3 6 4 4 4 6 6 6 3 3 6 4 6 6 4 4 6 6 6 6 3 4 4 3 6 6 4 6 6 3 4 3 3 6 6 6 6 3 6 4 4 3 6 4 6 4 3 6 3 6 4 4 6 4 4 3 6 4 6 4 6 6 6 6 6 3 6 4 4 6 4 6 6 4 6 4 4 4 4 4 4 4 6 3 6 3 3 4 3 6 3 4 4 3 4 6 3 4 3 


15 1 83 40 46
44 40 44 44 40 44 40 42 44 44 45 45 44 46 44 42 42 44 42 45 44 45 46 42 42 45 44 45 40 40 42 42 45 44 44 45 46 40 45 46 44 40 40 42 40 42 40 46 42 46 40 42 40 42 44 45 42 44 40 42 42 40 46 42 40 45 42 44 45 46 46 44 45 40 45 40 42 45 40 40 44 44 40 42 44 44 44 46 45 46 42 44 44 44 44 45 44 44 42 44 42 46 44 42 44 44 42 45 46 40 44 45 42 40 44 46 42 40 40 45 46 


16 3 93 31 38
33 38 33 34 33 32 34 34 32 38 32 32 36 35 34 32 38 32 38 36 36 38 33 36 36 35 32 33 34 35 34 32 38 32 34 38 38 36 34 38 38 33 32 36 36 33 35 38 33 38 32 32 33 32 32 35 32 36 32 36 33 38 32 38 32 38 33 34 34 33 36 38 34 36 35 34 38 38 32 38 32 38 38 38 36 32 35 32 38 32 32 32 36 35 32 33 36 33 35 36 38 32 34 34 36 35 35 38 


17 1 86 6 14
14 6 6 10 10 12 14 8 10 9 14 8 14 14 9 8 8 6 8 12 9 9 10 8 8 14 9 9 6 9 8 14 8 9 12 8 6 14 10 6 14 10 12 6 8 6 14 12 12 8 14 8 8 6 6 6 14 12 8 9 6 14 12 9 14 8 10 14 14 9 6 14 8 8 12 8 14 6 12 6 8 10 12 12 10 14 14 8 8 9 12 9 14 14 6 12 10 14 12 12 8 6 8 14 8 8 9 9 6 9 8 6 6 14 14 14 8 


18 3 97 46 57
57 48 52 52 54 50 51 49 57 50 46 49 52 46 48 54 54 57 46 51 51 46 48 57 57 46 48 54 51 57 51 55 52 50 49 52 54 51 48 54 50 51 48 48 50 56 55 52 48 48 50 48 49 55 52 57 50 48 52 51 52 48 49 50 56 57 48 48 49 55 55 55 49 56 49 46 55 46 49 49 48 50 48 50 57 56 51 50 51 54 52 54 52 50 46 55 48 46 46 55 46 52 56 57 


19 2 86 4 8
4 6 8 8 8 6 8 8 8 4 6 6 8 8 4 4 4 6 6 4 8 8 8 8 8 8 8 6 6 8 8 6 6 4 8 4 6 4 8 4 6 8 8 4 6 8 4 6 6 4 6 8 6 6 6 4 6 4 8 8 8 6 8 4 8 4 8 8 6 4 4 8 6 6 8 6 4 8 6 8 8 6 6 8 8 8 8 4 6 6 8 6 8 8 8 8 4 8 6 6 6 4 6 6 4 6 8 8 8 6 4 4 8 8 8 6 8 


20 0 91 14 23
14 16 15 18 18 20 18 15 15 20 15 18 15 16 18 18 21 21 18 18 20 20 18 20 16 15 16 18 18 15 20 21 18 18 20 20 22 16 20 16 14 20 22 14 15 15 20 20 18 22 15 21 15 14 20 22 16 21 22 20 15 18 16 20 20 20 20 18 18 16 18 22 20 18 22 14 18 21 14 22 21 22 22 21 22 20 18 18 18 20 21 15 21 22 22 22 22 14 18 22 14 20 18 20 15 22 22 22 22 21 


21 1 72 11 20
12 20 20 16 12 14 18 18 12 15 12 20 14 18 20 20 15 12 14 20 16 18 20 20 14 20 12 20 20 14 12 18 16 12 15 20 16 16 20 20 18 18 15 15 16 18 12 16 14 12 14 20 16 15 14 14 20 18 18 14 15 20 18 14 15 12 14 20 20 16 12 16 18 18 14 18 12 18 12 20 14 14 18 15 12 12 20 14 20 16 16 15 16 20 20 12 14 15 20 20 18 20 20 16 14 14 18 14 14 18 20 12 18 12 15 20 16 15 18 18 14 20 16 14 18 20 14 20 14 20 20 12 18 14 16 14 12 18 14 


22 3 72 6 11
8 9 6 10 6 9 10 8 10 9 9 10 6 6 8 8 8 8 6 10 8 9 6 8 9 8 10 10 10 9 10 10 8 8 8 9 8 8 10 8 9 10 9 8 8 9 10 8 6 9 8 10 10 8 8 9 10 8 10 8 6 10 9 10 6 10 10 8 8 9 10 9 9 6 10 10 10 8 9 10 8 10 9 9 8 8 6 10 8 10 8 8 9 8 10 8 9 9 9 9 9 9 10 10 10 8 10 8 10 8 8 9 10 8 10 6 10 9 6 8 8 9 9 10 10 8 8 9 9 8 8 8 9 6 8 8 9 8 6 


23 0 81 18 27
20 24 20 24 18 27 21 22 21 18 22 22 26 20 20 22 21 24 20 21 26 26 20 18 24 20 20 22 20 21 24 26 20 24 26 25 24 21 27 20 27 24 21 20 18 24 24 20 24 20 24 24 24 27 21 21 20 20 24 27 20 27 18 21 24 25 26 18 27 22 20 20 26 21 24 25 26 24 26 26 18 27 24 25 22 27 26 21 24 24 26 27 27 24 21 25 18 22 20 25 25 24 25 20 27 20 21 20 21 27 20 20 18 26 26 18 24 26 24 24 22 21 26 27 


24 1 84 35 38
38 35 35 38 38 38 38 38 36 35 35 38 38 38 38 35 36 38 35 35 38 36 38 35 36 35 38 36 36 38 38 35 36 38 38 35 35 35 38 38 38 36 38 36 38 38 38 38 35 38 38 36 35 38 38 38 35 38 36 35 38 35 35 36 38 36 38 38 35 38 35 36 38 36 36 35 36 38 38 36 38 35 35 36 35 35 35 38 38 35 36 38 36 36 38 35 35 38 38 36 38 36 36 38 38 38 36 38 38 35 35 35 38 38 38 36 35 36 35 38 


25 0 81 11 21
15 20 15 12 12 12 14 12 14 20 12 16 18 12 15 21 15 16 18 14 20 20 18 20 21 14 18 15 20 15 16 12 14 21 21 15 20 18 20 14 18 16 20 18 18 14 14 18 12 20 20 14 21 20 18 20 20 18 12 12 12 20 18 18 18 12 16 12 21 16 15 16 16 21 15 14 20 14 12 16 14 20 18 21 20 12 20 20 12 20 20 12 16 21 20 18 20 15 20 12 18 14 14 14 14 18 21 18 18 18 14 20 14 14 20 20 18 18 12 12 20 14 14 16 


26 1 83 33 44
40 35 34 44 35 39 44 38 33 33 33 39 40 38 44 35 34 44 38 44 44 35 38 42 40 44 38 39 44 38 38 36 42 38 42 38 34 36 39 36 34 42 44 42 39 44 44 35 33 44 42 39 36 38 44 38 44 40 36 44 44 33 44 33 33 33 39 40 44 34 44 35 42 38 44 39 33 35 35 34 42 39 40 44 42 42 39 40 39 38 33 38 34 33 38 40 34 40 42 42 35 35 34 40 34 42 33 44 38 42 36 39 34 39 44 35 40 44 44 40 42 


27 3 33 19 28
21 24 22 27 20 26 26 25 28 28 24 22 20 27 26 24 21 24 21 20 28 25 22 22 28 25 22 21 20 20 22 20 24 26 24 22 24 26 20 21 20 27 26 22 22 24 28 22 24 24 27 27 22 26 20 20 25 20 21 27 21 25 21 24 22 24 24 20 22 22 27 24 22 26 20 20 22 20 21 24 28 20 28 22 25 24 22 24 20 25 24 24 24 21 28 27 20 21 22 26 21 20 27 22 24 26 27 27 22 27 28 27 28 22 20 20 21 25 28 20 24 24 22 20 21 28 24 26 21 28 22 24 26 26 22 20 25 27 21 21 21 26 20 20 27 24 21 20 20 20 20 24 24 26 20 21 24 20 22 22 24 21 27 22 25 27 24 20 24 22 27 21 26 20 28 24 24 21 25 20 22 20 27 21 22 24 20 26 24 24 20 25 24 20 20 21 24 24 28 27 25 27 24 22 24 20 28 21 27 22 21 24 24 24 27 25 24 27 20 26 20 24 27 20 20 27 20 22 20 21 20 24 27 24 26 26 21 27 25 25 25 27 27 24 20 24 21 20 26 20 21 22 28 24 28 26 22 25 24 24 21 20 21 20 20 20 20 24 28 20 22 20 20 24 24 21 20 22 20 20 24 24 25 28 20 27 20 25 28 24 22 20 20 26 20 24 24 26 20 20 25 21 22 24 


28 3 57 8 17
14 8 14 12 16 10 16 8 16 16 8 16 8 12 14 10 14 12 14 16 12 16 15 12 16 16 12 12 9 15 8 8 16 10 9 15 14 9 15 9 14 16 12 14 15 14 8 12 9 14 16 8 12 16 9 16 12 15 12 12 14 8 8 8 16 15 16 10 12 16 10 12 12 8 12 8 14 15 12 10 15 16 16 14 14 9 14 14 12 16 12 12 9 16 16 15 9 14 15 8 12 12 12 14 15 16 16 14 14 14 14 8 12 9 9 14 10 8 16 14 15 12 9 16 9 16 16 12 16 8 9 16 16 16 15 9 12 16 8 15 9 12 8 16 16 9 8 15 9 15 12 15 15 12 16 9 16 10 16 8 14 14 12 9 16 16 12 10 16 16 12 15 12 14 12 10 


29 0 90 15 20
18 15 20 18 16 20 20 15 15 16 18 20 16 18 18 16 18 16 18 20 16 16 20 18 15 15 15 20 15 18 18 15 18 15 16 18 20 16 16 20 20 16 20 20 18 18 18 20 20 20 20 15 20 18 16 15 20 20 15 18 20 20 18 18 18 16 20 16 15 20 20 18 18 16 18 20 20 18 20 18 18 15 20 18 15 20 15 18 16 15 18 20 15 20 20 20 18 20 18 16 20 18 20 20 18 18 15 18 20 16 20 15 


30 1 92 42 47
42 44 46 46 46 45 44 44 44 46 42 46 44 45 42 42 46 46 45 46 46 42 44 45 46 44 46 45 44 44 44 46 46 45 45 42 46 42 44 45 42 42 45 45 44 44 46 46 42 46 45 44 45 42 42 44 46 45 46 46 45 44 46 42 45 44 42 45 46 46 42 46 46 46 44 42 45 44 45 44 45 42 42 44 46 44 46 46 44 46 44 42 46 44 45 44 44 42 42 42 44 42 45 44 45 46 46 46 44 


31 1 94 16 24
20 20 20 24 20 18 18 24 20 22 20 20 24 20 21 20 24 24 16 22 21 18 20 16 24 16 24 24 20 21 18 16 24 20 20 18 18 18 21 20 24 16 18 24 21 22 21 24 18 20 22 18 20 24 21 20 24 21 24 16 22 20 24 16 16 24 18 20 16 18 18 20 21 22 18 22 24 20 24 20 18 21 18 21 18 24 24 18 20 20 21 22 20 24 20 22 24 24 18 20 18 21 24 22 20 18 22 


32 1 96 62 72
68 66 66 68 70 65 63 69 64 70 66 72 66 72 72 72 65 68 69 70 72 68 69 62 68 68 64 62 62 66 63 64 68 69 66 63 68 69 68 70 68 70 63 70 66 68 69 68 68 69 68 64 72 65 65 69 62 63 65 62 72 69 63 68 68 70 62 69 62 62 72 66 63 63 68 69 64 65 72 69 72 70 64 66 64 62 70 65 70 72 62 63 69 64 63 65 68 66 63 66 65 65 68 72 72 


33 2 69 6 15
14 12 10 10 15 12 14 8 6 6 6 6 12 14 6 8 14 14 12 6 14 15 10 8 8 10 9 15 12 10 9 9 14 14 10 15 14 12 8 14 8 8 9 14 12 6 14 8 12 9 14 12 14 15 14 14 8 12 12 10 14 8 15 14 12 10 14 9 12 14 6 9 8 14 12 8 10 14 15 14 12 8 6 8 6 8 15 8 10 8 8 8 8 8 8 10 15 15 12 8 15 15 8 6 15 14 6 8 14 8 12 12 14 6 12 12 15 12 8 14 14 9 9 10 14 14 8 9 14 15 8 8 15 14 8 8 12 8 14 14 8 12 9 10 14 


34 2 86 55 64
62 63 56 62 60 56 58 60 60 62 60 64 60 55 60 60 56 62 63 55 60 56 57 57 60 62 58 62 62 57 56 62 56 64 55 62 60 55 58 63 56 60 60 60 55 63 62 62 56 57 57 62 55 60 63 62 60 55 58 63 58 58 62 60 55 63 62 56 60 55 63 64 56 60 56 60 55 57 64 64 62 56 56 55 60 60 62 56 60 55 62 55 57 57 62 63 62 62 56 55 64 62 56 62 60 56 55 60 64 55 64 64 56 60 62 55 64 


35 1 45 7 9
8 9 8 8 8 8 8 8 8 9 9 8 9 9 8 8 8 8 9 8 8 9 8 8 8 8 8 8 8 9 9 8 8 8 8 9 8 8 9 9 9 8 9 8 8 8 8 8 8 8 9 8 9 8 8 9 8 8 9 8 8 9 9 8 9 8 9 9 8 8 9 9 8 8 9 8 8 8 8 8 8 9 8 9 9 9 9 8 8 8 8 8 9 8 8 8 9 8 8 9 8 8 8 8 8 8 8 8 8 9 8 8 8 9 8 9 8 8 8 9 8 8 8 8 9 8 8 8 8 8 8 9 8 8 8 8 9 8 8 8 8 9 8 8 8 9 8 8 8 8 8 8 8 8 8 8 8 8 9 8 9 8 8 8 8 8 8 8 8 8 8 8 8 8 9 9 8 8 8 8 8 8 9 8 8 8 9 9 8 9 8 8 8 9 8 8 9 8 8 8 8 8 8 8 8 8 8 8 8 8 8 8 9 8 9 9 9 9 8 9 8 9 8 


36 1 92 15 26
24 26 20 20 15 20 25 20 22 24 21 21 25 22 18 15 18 24 18 20 25 16 18 15 18 15 21 18 18 24 25 20 22 20 20 25 18 22 21 26 18 18 15 20 25 21 25 21 16 18 20 24 24 24 18 20 22 16 16 24 24 15 20 21 24 24 24 15 24 20 16 15 22 26 24 25 18 25 25 22 20 18 24 18 16 16 21 24 24 18 18 16 18 25 15 26 16 15 20 16 22 26 25 18 18 22 20 25 20 


37 2 82 40 51
46 40 49 49 45 48 42 40 44 42 42 42 42 40 46 49 49 40 40 48 51 44 44 40 48 44 45 48 45 51 42 48 44 48 48 46 42 42 42 48 49 44 49 48 48 48 42 48 50 48 44 40 44 48 42 45 46 45 44 48 48 44 42 50 48 51 44 44 44 50 48 44 51 42 44 40 44 44 40 48 42 44 42 45 42 44 44 42 45 42 48 40 49 42 49 48 46 48 44 42 46 40 42 48 48 45 51 50 48 48 46 42 46 42 42 48 51 49 49 44 42 42 


38 0 72 4 15
8 9 14 12 8 10 14 6 6 6 12 6 14 14 12 14 10 12 4 6 6 9 12 14 4 9 8 12 9 6 10 14 9 8 6 14 8 10 6 12 14 14 14 14 8 4 6 14 8 6 8 9 6 14 15 4 6 12 10 12 14 14 12 14 6 14 12 8 14 14 6 15 6 4 6 6 10 6 10 9 10 9 8 9 8 9 10 4 15 8 6 14 6 12 12 6 6 12 8 9 14 12 8 4 6 15 4 14 4 14 15 4 8 9 6 12 15 14 12 9 15 6 6 6 14 14 12 4 14 4 10 14 14 8 12 8 4 8 8 


39 3 96 10 20
14 10 20 10 14 18 18 18 18 18 12 15 10 20 12 12 14 18 20 18 18 18 12 16 18 10 20 15 15 12 18 12 18 16 18 12 18 16 18 10 20 10 14 12 14 20 14 10 20 16 14 14 15 10 14 18 20 16 14 15 18 12 12 18 20 14 18 14 18 12 12 12 18 12 18 20 14 12 18 15 14 10 20 14 12 12 18 18 18 15 16 20 10 14 12 12 12 18 12 12 12 20 14 18 14 


40 2 82 13 21
14 20 20 20 18 20 15 16 20 21 18 18 14 21 20 20 20 18 20 14 16 15 20 18 20 14 14 14 20 18 15 20 14 21 16 21 20 15 14 20 20 15 18 15 18 21 20 21 14 18 14 21 21 16 14 14 14 20 21 14 20 18 20 20 15 14 15 21 18 16 15 18 14 18 21 14 18 15 20 14 14 18 14 14 15 20 21 18 18 15 15 18 20 21 15 15 18 14 15 18 14 14 15 15 16 15 20 21 20 18 14 20 20 18 18 15 20 20 20 16 18 15 


41 2 59 8 13
9 10 12 12 10 8 12 9 12 12 12 9 8 10 8 12 10 9 12 10 10 12 9 9 9 12 12 10 12 12 12 9 12 8 12 12 12 12 12 10 9 10 10 12 12 9 8 9 8 8 8 8 8 10 9 12 12 9 8 10 9 12 9 8 8 12 12 12 12 10 12 12 12 9 8 8 9 12 12 8 10 9 9 12 12 9 12 12 12 12 8 9 9 12 8 12 9 10 12 8 12 10 8 10 12 12 12 12 10 12 12 12 12 10 12 8 8 12 12 12 12 8 8 8 12 12 12 12 8 12 12 12 10 12 12 9 12 9 12 12 9 12 12 12 12 10 12 12 12 12 12 9 9 9 12 10 9 12 12 12 12 12 10 8 12 10 12 12 12 12 


42 1 73 8 19
9 15 14 18 12 18 16 14 15 9 10 18 12 8 9 14 14 8 10 18 14 18 12 16 14 15 15 9 14 18 18 9 18 12 9 14 9 8 9 12 12 18 18 18 15 18 10 16 18 18 15 9 18 16 8 9 9 10 12 10 8 18 14 12 8 18 10 9 9 16 18 10 14 18 18 18 14 18 15 14 14 9 12 8 12 16 8 12 12 8 16 12 18 15 9 18 18 18 18 12 18 18 15 12 16 18 14 16 18 12 16 15 10 8 16 12 14 18 18 12 18 18 10 8 18 15 8 14 12 14 18 9 16 18 18 16 18 


43 2 86 37 48
42 48 44 42 48 38 42 44 44 45 42 46 46 40 42 42 42 48 38 44 38 38 38 44 48 40 38 38 45 44 46 46 42 46 46 39 38 39 46 39 46 39 38 48 38 42 38 39 38 48 38 38 44 42 46 45 48 48 46 48 40 46 42 44 39 38 44 38 44 48 42 38 44 39 44 38 39 38 48 48 44 38 38 38 44 48 46 44 39 38 46 48 45 44 39 46 45 46 44 38 44 39 48 45 42 45 44 45 48 45 48 42 44 39 45 38 39 


44 3 53 30 32
32 32 30 32 30 30 30 32 30 32 30 30 32 32 30 30 32 32 30 32 32 30 30 32 32 32 30 32 32 32 32 32 30 32 32 30 30 30 32 32 30 32 32 32 32 32 30 32 30 32 32 32 32 32 30 32 32 32 32 30 30 30 32 32 32 30 30 32 30 32 32 30 32 32 32 30 32 30 30 32 32 30 32 30 32 32 32 32 32 32 32 30 32 32 30 32 30 32 32 32 30 30 30 32 32 30 32 32 30 32 30 30 32 32 30 32 30 32 30 30 32 32 32 32 32 30 32 32 30 30 32 30 32 32 30 32 30 32 32 32 30 30 30 30 32 32 30 30 32 32 32 30 32 32 32 30 32 32 32 32 32 32 30 32 32 32 30 32 32 32 32 30 30 30 32 32 30 32 32 30 32 32 32 32 32 30 30 32 32 


45 2 99 33 37
35 33 36 35 33 36 36 36 34 36 34 33 36 33 33 36 36 33 35 34 36 34 33 34 36 36 33 34 35 33 35 34 33 36 36 35 34 36 36 35 36 36 34 36 36 33 36 36 36 36 33 33 36 36 34 33 36 36 35 35 36 36 36 35 33 34 34 33 36 35 33 36 35 36 35 36 34 34 36 33 33 35 36 35 34 33 33 36 36 34 33 35 35 35 36 36 34 35 36 35 36 36 


46 2 83 10 14
12 12 12 14 10 14 10 12 14 10 10 10 12 14 10 14 14 10 12 14 12 10 14 14 14 12 14 10 12 14 10 14 14 14 12 14 12 12 10 12 12 12 14 12 12 14 14 10 12 12 12 14 14 12 12 10 14 12 12 14 14 10 10 10 12 14 14 10 12 12 14 10 14 10 12 14 12 12 12 14 10 10 12 12 12 10 10 14 12 14 12 14 12 14 14 14 12 12 12 12 14 14 10 12 14 14 12 12 14 12 12 14 14 10 10 10 14 14 14 10 14 


47 1 47 5 9
8 8 6 8 9 8 9 8 9 6 9 8 8 6 8 8 6 8 6 8 9 6 6 8 6 8 9 8 6 6 6 6 8 8 8 6 6 6 8 9 9 8 6 6 8 9 8 6 8 8 8 6 6 9 6 9 6 6 8 8 8 8 8 6 8 8 6 8 8 8 9 8 8 8 6 8 9 8 8 6 9 8 8 9 6 8 6 6 9 8 8 6 6 6 8 6 8 6 9 8 6 8 9 6 9 6 6 6 6 9 6 6 6 8 8 6 6 9 6 6 6 6 9 6 9 8 9 8 6 9 9 6 9 6 6 6 8 8 6 8 8 6 6 8 8 9 8 8 6 6 9 9 8 8 8 8 6 6 9 6 9 6 8 9 9 8 9 9 6 8 8 6 6 9 6 8 9 8 8 8 6 8 8 8 8 6 6 8 8 8 8 6 8 6 8 6 8 6 8 9 9 6 6 6 6 6 6 6 8 8 6 6 6 


48 3 58 12 23
16 21 20 21 14 18 15 20 22 12 18 15 22 18 16 18 14 18 15 20 12 16 20 14 15 18 22 21 18 20 16 22 18 22 15 21 18 12 16 15 20 22 18 18 12 12 20 22 22 12 21 20 18 22 12 14 14 22 20 15 21 15 20 15 21 22 16 18 14 18 16 22 16 15 16 12 12 18 20 22 15 22 20 16 20 14 18 15 16 16 14 14 12 16 14 22 15 20 16 12 18 21 15 14 22 18 18 14 18 22 12 16 22 18 22 12 12 14 14 22 12 12 20 18 12 20 14 20 20 12 21 12 15 14 22 15 12 14 20 15 14 18 20 18 18 15 18 16 18 14 20 21 20 21 21 21 15 21 20 20 15 22 20 20 20 20 20 20 22 16 18 18 14 


49 0 97 27 32
30 32 30 32 27 32 30 30 32 30 27 30 27 27 28 32 28 32 27 28 28 30 28 32 32 30 27 30 30 27 30 32 32 30 27 28 27 30 30 30 30 32 32 32 30 32 32 30 30 27 32 30 32 32 30 27 28 30 28 32 28 30 27 30 27 32 30 32 32 30 30 32 30 27 30 30 32 32 32 32 32 32 30 27 30 28 28 32 28 32 30 28 27 32 28 30 32 27 30 30 28 30 32 27 


50 2 78 44 54
46 45 54 44 54 51 48 54 49 46 50 46 45 45 48 48 50 45 48 48 44 48 52 54 48 50 50 46 48 48 52 48 52 48 54 44 45 44 54 49 48 44 50 48 52 48 54 54 51 45 49 46 50 46 44 45 51 51 45 54 44 44 54 50 51 48 44 50 45 52 44 54 52 52 48 50 48 45 49 54 49 52 54 46 54 51 46 51 50 51 52 54 48 45 46 54 48 48 48 44 48 50 45 45 46 48 52 49 54 48 46 50 46 51 46 52 54 49 49 45 44 50 44 50 50 54 48 45 44 


51 3 90 23 29
24 26 28 28 27 26 25 28 27 26 26 26 28 25 26 27 24 28 27 24 27 24 28 28 28 24 28 28 28 28 24 25 27 26 28 24 24 26 26 28 25 28 24 28 24 28 24 28 24 28 27 27 28 24 28 24 28 27 25 24 26 25 24 24 25 28 28 28 24 24 28 26 26 24 25 26 26 28 24 24 27 24 25 28 26 24 24 28 27 26 28 25 26 28 24 28 28 26 28 28 25 28 28 27 28 25 25 28 24 26 24 28 


52 1 99 37 41
40 38 38 40 38 38 40 38 38 40 38 38 40 40 39 40 40 40 40 40 40 40 38 40 38 40 40 38 38 39 38 40 39 40 38 40 40 38 39 40 40 38 38 39 38 38 39 38 38 39 38 39 38 40 38 38 39 40 38 39 40 39 40 38 40 38 40 40 40 38 38 40 38 40 38 38 38 38 38 39 40 39 38 38 38 39 40 39 40 40 38 40 39 39 39 38 38 40 38 39 38 40 


53 2 86 42 50
44 44 46 46 48 42 44 45 42 45 48 45 48 44 48 48 49 45 42 50 46 44 42 46 48 44 48 46 48 49 48 50 42 45 44 42 44 42 46 49 44 44 50 45 45 45 44 45 49 50 49 44 49 45 44 42 48 44 48 45 44 45 42 48 45 49 48 42 45 48 45 42 49 45 46 49 44 48 48 44 44 44 45 45 42 48 42 42 45 45 48 44 42 42 42 48 50 44 48 48 44 48 44 49 44 49 44 48 48 50 45 44 48 45 44 50 45 


54 2 66 2 5
4 4 4 4 4 3 4 3 4 4 4 4 4 4 4 3 3 4 4 4 4 3 4 4 4 4 3 4 4 3 3 4 4 4 4 3 3 3 4 4 4 4 4 4 3 3 4 4 4 4 3 3 4 3 4 4 4 4 4 3 4 3 4 4 4 4 4 3 3 3 4 4 3 4 4 3 4 4 4 4 4 3 3 3 3 3 4 4 4 4 3 4 4 3 4 4 4 4 3 4 4 4 4 4 4 3 4 4 4 4 4 4 4 4 4 4 4 4 3 3 4 4 4 3 3 4 3 4 4 4 4 4 4 3 4 3 4 3 3 4 4 4 4 4 4 4 4 4 3 4 4 4 


55 3 77 10 21
18 18 16 18 14 14 18 10 15 10 12 21 20 14 15 12 10 18 18 16 12 18 18 14 20 18 14 10 16 12 16 12 14 15 14 10 18 14 14 15 20 16 12 14 15 12 16 16 12 20 12 20 18 15 15 18 14 12 12 18 14 18 15 18 15 20 10 21 14 12 20 12 20 20 20 18 14 12 14 18 16 14 16 15 14 12 12 20 12 12 21 20 20 14 18 18 14 18 20 16 16 14 18 10 20 20 15 14 15 10 16 18 20 20 15 21 12 18 20 12 15 18 20 14 14 18 15 21 14 12 


56 0 60 34 41
38 34 38 39 40 38 38 38 36 38 35 40 40 36 39 38 34 39 36 35 39 40 35 34 39 39 36 39 40 38 36 38 40 36 39 39 36 35 38 38 40 34 40 38 36 38 40 40 36 38 39 39 38 36 40 34 34 40 34 39 39 40 35 36 38 39 40 36 40 36 36 36 38 34 40 34 40 40 34 35 38 40 35 40 36 36 35 39 35 40 40 40 40 34 38 34 36 34 38 34 38 35 38 38 38 40 34 40 39 40 40 39 36 35 34 38 39 35 40 34 40 35 40 38 38 40 39 38 39 36 40 39 36 40 36 38 39 40 34 40 38 39 39 34 40 36 40 40 35 40 38 39 35 38 34 40 35 40 38 39 36 36 36 38 34 40 38 


57 1 87 28 33
32 32 33 28 33 30 32 28 30 30 32 32 28 32 32 32 33 28 32 30 30 30 28 33 32 32 33 32 30 33 28 30 30 32 32 30 30 32 30 32 32 32 32 30 32 30 30 30 28 28 30 30 32 28 32 30 30 32 28 33 33 28 32 30 33 30 32 32 33 30 32 28 33 33 30 28 28 28 32 33 33 30 30 33 33 32 30 28 32 33 32 28 28 30 30 32 30 30 30 33 30 32 28 30 30 32 30 32 32 32 28 32 28 32 30 


58 3 96 5 14
6 14 12 12 8 14 8 9 6 12 10 8 10 14 6 14 12 8 14 14 6 8 10 9 8 6 6 12 6 8 8 14 14 9 8 8 9 12 8 14 8 6 8 6 14 9 6 14 6 14 14 12 6 12 10 12 6 12 12 14 12 10 14 12 10 8 10 12 8 8 6 6 14 8 6 6 10 8 8 9 8 12 8 6 14 8 8 8 6 8 12 9 8 12 14 6 14 8 14 14 8 12 14 9 8 


59 3 87 29 35
33 33 32 30 35 32 32 32 30 32 32 32 35 32 34 34 32 34 30 32 33 30 32 30 33 30 35 34 34 33 30 33 34 30 33 32 33 34 33 35 33 35 32 32 30 32 30 32 30 33 32 35 34 35 32 33 34 32 32 32 34 30 30 34 34 34 35 30 30 32 30 30 32 35 30 33 30 33 35 30 34 30 32 35 34 35 32 33 34 30 30 30 32 30 32 33 35 30 32 35 34 32 32 30 30 32 30 35 30 35 30 34 32 32 33 


60 3 92 4 14
14 10 4 14 8 12 6 8 6 6 10 6 6 14 8 14 14 4 8 6 8 10 12 6 6 9 10 8 14 8 8 6 6 6 10 6 10 12 14 6 12 10 10 14 6 8 6 6 9 6 10 14 14 8 9 12 8 4 8 12 10 12 6 14 6 6 4 4 10 12 8 12 10 10 6 4 14 14 14 14 12 8 8 6 10 8 6 6 8 14 14 4 14 10 12 14 14 6 4 6 12 12 14 12 8 10 12 9 6 


61 2 85 37 40
39 38 38 40 39 39 40 40 40 38 38 40 38 40 38 38 40 40 38 38 38 40 38 40 38 40 40 38 39 39 38 40 38 40 38 39 40 38 38 38 39 40 38 40 39 38 39 39 38 40 38 38 39 38 40 39 39 38 39 39 38 38 38 39 40 38 39 38 40 38 38 38 40 40 40 38 39 40 38 40 38 38 38 40 40 39 40 38 38 38 39 40 38 40 38 38 38 39 39 38 39 38 40 39 38 40 39 40 39 38 38 38 38 38 38 38 38 39 


62 1 56 22 33
27 24 25 25 24 24 22 26 24 30 24 32 27 24 24 22 22 28 22 24 33 24 26 30 25 26 22 22 26 30 33 24 28 30 24 25 30 25 24 22 27 27 30 33 27 30 33 32 28 24 25 26 32 27 24 32 24 33 22 30 32 30 28 25 26 30 30 30 26 28 25 26 24 30 26 32 26 24 33 24 22 22 25 33 32 28 27 30 26 24 27 32 24 32 22 26 32 24 22 22 30 28 33 32 30 24 30 24 26 25 30 32 33 22 24 27 24 32 28 25 26 30 32 28 28 33 30 25 32 25 32 24 33 32 24 26 33 30 24 24 26 27 24 27 33 22 32 32 26 32 30 24 24 24 26 32 25 30 24 32 24 22 22 28 25 32 22 27 32 33 32 30 28 27 28 24 28 28 25 


63 2 60 5 12
12 6 8 6 10 6 9 12 12 9 8 10 12 12 8 12 10 9 10 10 10 8 10 10 6 12 12 8 12 12 12 12 12 12 6 8 6 12 6 9 6 6 6 8 6 8 12 8 12 12 10 12 6 6 10 10 8 12 6 12 12 12 9 8 6 6 8 8 9 9 6 12 9 12 8 8 9 6 10 9 12 6 8 12 10 6 6 6 8 6 6 6 8 12 12 6 8 6 9 10 8 12 8 12 9 6 9 10 12 9 12 12 12 12 6 6 12 8 9 6 12 12 6 12 8 8 8 8 12 6 6 12 8 12 8 6 12 9 8 6 8 12 8 6 9 8 8 6 12 8 10 12 6 8 10 12 9 6 12 8 12 8 10 10 9 10 6 


64 2 77 20 30
24 24 27 22 28 22 24 27 22 30 27 24 26 20 30 27 24 22 20 21 21 30 30 24 20 24 30 21 30 21 26 25 21 21 30 20 24 24 26 30 27 30 24 30 26 30 28 22 26 21 25 21 30 27 21 27 30 26 30 26 26 30 24 21 26 27 22 30 30 24 27 26 21 30 20 24 28 28 20 26 27 26 27 28 24 24 21 27 25 28 24 25 30 24 30 24 28 21 24 22 22 22 24 20 21 28 21 30 24 25 30 27 30 24 25 20 24 30 28 26 21 22 30 30 27 22 25 30 30 27 


65 1 91 6 9
6 9 8 9 8 8 9 8 8 6 9 8 6 8 8 8 8 8 8 9 8 8 8 6 8 8 9 8 9 8 8 8 9 6 6 8 6 9 9 6 6 6 6 9 8 8 6 9 9 9 8 6 6 6 8 6 9 9 8 8 6 9 6 8 9 6 8 8 6 8 9 9 9 8 6 6 8 6 6 9 6 9 9 8 9 9 8 8 8 8 6 9 8 8 8 8 8 8 6 9 8 8 8 8 6 8 9 8 6 8 


66 1 71 14 21
18 21 20 15 20 16 16 18 16 15 18 14 20 20 20 20 14 18 14 21 16 16 14 20 14 21 21 14 20 18 21 14 20 21 15 20 20 18 14 20 14 18 21 14 16 20 21 15 20 18 16 15 20 18 18 14 18 16 18 15 18 20 15 16 18 20 14 15 16 21 16 16 18 16 21 20 21 21 18 18 20 18 14 18 20 21 14 16 18 18 16 16 20 16 14 15 20 21 14 14 16 15 21 14 14 21 20 20 20 15 14 21 18 20 14 21 21 21 14 20 18 14 14 20 20 14 20 18 16 15 18 18 21 20 18 15 14 15 18 18 18 


67 1 99 9 14
9 14 14 12 12 12 10 12 10 10 12 12 14 14 14 14 12 10 14 14 12 9 14 12 10 12 12 9 10 9 12 14 12 12 14 14 9 12 14 14 12 12 10 12 14 9 14 10 9 9 12 14 10 12 9 14 14 12 10 10 10 12 12 12 12 14 9 12 12 14 14 14 10 14 9 14 9 10 14 12 10 12 9 12 12 9 12 9 12 10 10 12 10 9 12 14 10 14 14 14 10 10 


68 0 97 44 52
48 45 52 44 48 48 48 48 50 48 48 46 45 51 52 44 52 46 45 48 45 46 44 48 48 48 51 48 50 52 52 49 50 52 48 52 44 45 51 49 50 52 50 52 48 51 49 46 45 48 50 48 52 49 49 48 48 49 52 46 49 52 52 46 52 44 50 52 52 45 46 46 46 51 48 46 45 50 48 49 49 45 52 49 52 48 49 50 51 45 44 51 44 51 46 52 44 50 49 52 50 52 44 45 


69 1 96 18 20
20 20 20 18 18 20 20 18 18 20 18 20 18 20 20 20 20 20 20 20 18 18 20 20 20 20 20 20 20 20 20 20 18 20 20 18 20 20 18 20 18 18 20 18 18 20 20 20 20 18 18 20 20 18 18 20 20 20 20 20 20 20 20 18 20 20 20 18 18 20 20 20 20 20 20 20 20 20 20 20 20 18 18 20 20 18 20 20 20 18 20 20 18 20 20 18 18 20 20 18 20 20 18 20 20 


70 0 74 20 26
25 20 24 26 21 26 25 24 24 22 20 25 24 20 22 26 21 24 25 25 22 24 21 20 20 26 24 24 24 20 20 22 20 24 20 22 24 25 22 26 24 26 20 24 20 25 24 21 20 20 26 21 22 21 24 24 24 25 25 22 26 25 24 25 24 25 24 24 20 26 25 20 26 25 22 24 24 24 21 24 22 20 25 24 24 21 24 21 24 24 25 22 25 20 24 26 26 22 22 24 21 24 20 25 21 21 22 22 24 21 24 24 21 24 22 25 24 26 26 21 24 20 26 25 24 20 24 22 25 24 21 20 24 24 25 22 


71 0 74 21 23
22 22 22 22 22 22 21 22 21 22 22 21 21 22 21 22 22 21 21 22 22 21 22 22 22 22 21 22 22 21 22 21 21 21 21 21 21 21 22 22 22 22 22 22 22 22 22 21 22 21 22 22 21 21 22 22 21 21 21 22 22 22 22 22 21 21 22 22 22 22 22 22 22 22 22 21 22 22 22 22 22 21 22 21 21 21 21 21 22 22 22 22 22 21 22 21 22 22 22 22 22 22 21 22 22 22 22 22 21 22 21 21 21 21 21 22 21 22 22 22 22 22 22 22 22 22 22 22 22 22 22 22 22 22 22 22 


72 3 80 12 15
15 14 14 14 14 12 14 15 15 15 12 12 12 15 14 15 14 14 12 12 15 14 14 14 14 14 15 14 15 14 12 15 14 14 14 14 12 12 15 12 14 12 15 14 12 14 12 14 14 14 15 14 14 15 12 14 15 12 12 14 14 12 14 15 15 14 15 15 14 14 14 14 14 15 12 15 14 12 12 15 12 14 15 15 12 14 14 12 15 12 14 15 15 15 15 14 12 12 14 12 14 14 14 14 12 12 14 14 12 15 14 15 14 14 14 15 15 15 12 12 14 15 14 14 15 14 


73 0 97 6 17
15 10 15 10 10 14 9 12 9 16 14 16 8 8 12 16 12 14 14 16 14 16 14 14 6 8 12 12 16 9 16 8 8 12 14 9 6 16 14 10 16 12 12 15 16 15 15 12 8 9 6 9 15 6 6 14 14 10 10 6 12 8 8 8 16 8 14 12 16 10 6 16 8 12 6 6 9 6 12 6 14 16 14 12 8 16 15 16 10 16 10 8 8 15 9 8 15 8 9 8 10 12 14 16 


74 0 99 19 30
25 21 25 22 28 30 28 26 26 28 24 27 28 20 22 22 30 30 28 24 21 28 21 22 26 26 30 24 24 20 30 30 28 25 24 24 24 28 30 24 24 20 22 28 22 24 21 21 27 21 22 28 25 24 24 22 26 25 30 28 27 24 27 20 30 26 25 20 20 28 24 21 24 27 20 24 21 21 22 20 28 22 20 24 27 20 21 21 20 27 26 21 30 25 30 20 25 26 25 20 27 30 


75 3 98 9 19
14 10 16 9 14 12 18 14 16 9 16 12 18 12 18 18 14 18 10 9 15 16 16 18 9 12 18 10 18 18 16 12 16 18 15 18 14 16 18 12 15 14 14 18 12 12 10 18 15 12 12 14 14 10 14 18 15 18 14 10 18 15 16 18 18 9 16 14 9 15 12 12 15 18 15 18 16 16 14 15 16 9 15 12 12 12 15 16 18 16 12 12 14 12 16 18 9 14 14 18 18 18 9 


76 2 93 7 15
12 10 10 14 12 15 12 14 12 12 14 14 15 8 15 14 15 15 14 14 14 15 15 14 15 9 8 12 8 12 12 14 14 14 15 14 8 14 8 8 10 9 12 8 15 12 15 10 12 12 14 8 8 9 14 14 14 10 8 10 8 15 12 12 8 8 9 15 10 14 9 12 14 12 8 8 9 8 10 14 8 14 15 12 10 10 8 14 12 14 12 15 9 9 12 14 10 12 8 14 12 9 8 12 12 10 12 12 


77 1 78 12 23
18 18 14 12 21 14 15 12 12 12 14 15 12 22 18 22 18 22 18 18 14 20 20 22 20 18 22 16 22 21 18 22 21 22 14 14 18 14 15 14 16 22 20 22 20 18 21 20 22 22 20 22 14 20 20 15 22 21 12 20 18 15 21 18 15 15 16 22 21 20 12 20 21 22 20 14 12 15 18 16 18 12 22 14 18 14 21 20 14 22 20 20 20 22 18 14 22 22 21 20 14 20 16 16 16 14 18 20 21 22 18 22 14 21 22 21 18 18 20 20 20 14 21 20 21 22 22 16 15 


78 0 82 15 24
20 22 22 18 21 24 24 20 20 16 20 20 20 16 18 21 22 24 24 20 24 22 24 18 22 22 24 20 20 20 22 20 20 24 15 21 22 21 24 20 20 24 24 21 18 18 18 18 24 21 22 16 24 18 21 18 20 20 18 22 20 21 16 24 20 16 18 18 24 15 21 24 18 20 22 16 16 16 20 22 20 20 16 18 16 18 18 22 20 20 15 24 18 22 21 16 21 16 20 16 20 24 21 22 18 21 18 20 20 21 24 18 24 20 24 16 15 20 20 15 24 18 


79 1 90 9 15
12 14 14 9 10 14 12 15 10 14 14 12 14 9 12 15 10 14 15 15 10 10 15 15 14 12 12 15 9 9 15 9 15 15 14 10 12 14 12 12 14 14 14 14 12 12 14 12 10 14 12 10 10 14 9 14 10 14 14 14 10 12 12 14 15 14 14 15 14 15 14 12 14 10 14 15 12 14 12 12 15 15 10 9 12 15 14 10 12 10 14 9 12 12 10 12 9 12 14 14 10 15 14 9 12 14 10 14 14 12 14 12 


80 0 87 23 27
24 24 24 25 26 26 24 27 27 24 27 26 25 24 25 25 24 24 24 26 27 24 27 24 26 25 24 25 24 25 24 24 26 24 25 24 27 24 25 24 26 24 26 24 25 25 24 27 27 26 27 24 24 26 24 24 27 24 24 24 25 25 27 26 25 25 25 25 26 24 26 24 25 26 25 25 27 27 27 25 25 26 24 27 25 24 24 26 25 24 24 26 24 25 25 27 24 27 24 24 24 27 26 24 24 24 24 26 26 24 26 24 26 27 24 


81 0 73 4 12
8 6 8 6 6 10 8 6 6 12 10 4 12 6 6 6 12 8 12 8 8 8 6 8 10 8 9 8 4 4 8 10 8 8 9 4 12 4 6 9 8 6 4 8 12 9 10 4 4 8 8 8 6 6 12 12 9 12 12 9 8 12 8 8 8 9 6 6 6 12 4 8 8 4 6 12 8 8 6 4 9 12 9 12 12 8 6 12 10 6 6 12 8 6 8 4 9 4 10 12 4 12 4 12 8 6 12 12 9 12 8 8 12 4 12 4 6 6 12 12 10 8 9 12 12 4 12 4 6 6 9 9 9 4 12 6 6 


82 3 65 6 16
8 8 12 12 6 10 14 14 12 14 9 12 14 15 12 12 9 8 14 14 10 16 12 9 12 14 15 15 14 6 16 10 10 16 9 15 8 16 9 9 16 10 16 8 12 8 14 14 15 12 12 15 8 12 12 10 12 8 16 8 15 12 14 8 12 12 9 10 15 14 10 8 6 15 12 8 8 15 12 15 12 12 8 9 14 14 6 10 14 6 14 8 10 14 6 16 10 9 14 15 6 14 12 15 14 14 8 14 12 8 12 9 6 6 8 9 16 8 14 8 14 15 12 12 8 14 16 10 15 9 14 16 9 9 14 15 15 12 12 14 14 12 14 12 8 14 15 14 15 15 15 14 15 16 


83 0 50 8 11
9 9 9 8 10 10 9 8 8 10 9 9 8 8 8 8 8 9 8 10 8 10 8 8 8 10 10 9 10 8 10 10 8 10 8 9 9 10 10 8 10 10 8 8 9 10 10 9 8 8 10 8 10 8 8 10 9 10 9 10 10 8 10 9 10 10 10 9 10 10 10 10 10 8 10 9 10 10 10 8 8 10 10 10 10 8 10 10 9 10 10 10 9 8 10 10 10 9 10 9 10 8 8 8 10 8 10 9 8 8 10 8 9 10 9 8 8 10 10 9 8 8 10 10 10 10 10 10 10 10 10 8 10 8 8 9 10 10 9 10 10 10 8 10 9 8 10 10 8 8 9 10 10 10 8 10 10 9 8 8 10 9 10 8 9 10 9 8 10 9 10 8 10 8 8 10 10 9 10 10 10 8 8 9 9 10 8 8 10 9 10 8 10 8 10 9 10 10 10 10 8 


84 3 97 4 6
6 4 6 4 6 4 6 4 4 4 6 6 4 4 4 4 6 4 6 6 6 4 4 6 6 6 6 4 6 6 6 4 6 6 6 6 4 6 6 6 4 6 6 6 4 4 6 6 4 6 6 4 4 6 4 6 6 6 4 6 6 6 6 6 6 6 4 6 6 6 6 4 4 6 6 4 4 6 6 6 6 6 4 4 6 4 6 6 6 6 4 6 6 4 4 6 6 4 6 4 6 4 6 6 


85 3 99 21 31
27 25 27 24 30 28 24 28 30 27 30 21 21 28 28 30 22 28 27 26 21 30 24 25 21 30 21 27 30 24 24 28 30 26 22 30 21 30 26 25 30 24 24 28 24 30 25 22 30 25 24 26 28 25 21 30 26 21 25 24 21 26 30 24 21 30 21 21 24 21 25 28 24 24 21 28 22 21 30 26 30 25 26 24 28 25 26 24 26 22 25 25 27 22 30 30 21 30 30 30 27 27 


86 1 86 51 56
54 51 54 52 56 51 54 54 51 56 56 52 55 52 54 55 52 52 52 51 56 54 51 52 55 55 56 54 52 55 51 55 54 52 54 56 51 55 51 55 54 55 56 52 54 56 55 56 56 56 51 52 55 56 56 54 52 52 54 56 54 55 56 54 54 54 56 55 55 54 54 56 54 54 54 51 54 54 54 52 52 54 51 54 52 56 54 54 51 54 54 54 51 51 54 54 54 55 56 51 54 55 54 54 56 54 51 54 52 55 56 54 55 54 52 54 52 


87 1 77 22 25
24 22 24 22 25 24 24 22 24 24 25 25 24 24 25 22 24 25 22 24 24 22 22 25 24 25 25 22 22 25 25 25 24 25 24 24 25 22 24 22 24 24 22 24 22 24 24 24 25 24 22 24 22 24 24 24 25 24 24 22 22 24 25 24 24 24 22 22 24 25 24 22 24 25 24 22 24 25 24 24 24 24 24 24 24 24 22 24 22 24 24 24 24 24 25 22 24 25 24 24 22 24 22 24 25 25 22 22 25 24 24 24 22 25 24 22 24 22 24 22 24 24 25 25 22 24 25 24 24 24 


88 2 91 36 46
42 36 38 38 45 38 40 42 42 44 36 44 44 44 36 38 46 44 46 42 46 45 38 38 36 38 38 46 44 36 42 44 42 42 40 39 42 45 44 46 45 40 42 36 36 42 38 44 46 44 40 42 36 42 40 46 45 46 39 44 36 38 39 36 46 42 38 39 44 36 38 39 38 38 45 44 46 38 46 46 44 36 38 36 44 46 42 39 44 44 39 40 39 40 40 45 40 36 45 42 44 44 38 45 36 38 38 45 46 38 


89 3 92 24 34
30 33 24 30 26 33 30 25 25 24 25 34 30 28 30 30 30 24 28 25 25 32 28 24 30 28 28 34 26 33 33 27 34 30 25 25 28 30 25 34 33 25 28 28 32 28 26 32 25 33 25 30 33 32 27 30 24 24 34 27 26 25 32 30 24 34 30 25 27 33 32 34 30 32 27 24 33 25 34 32 28 30 26 27 32 24 30 33 25 25 26 30 30 27 30 32 30 30 27 30 28 30 32 24 26 24 34 25 32 


90 0 99 22 29
25 24 28 22 24 28 22 25 26 24 26 28 28 28 24 28 28 28 22 28 25 27 24 24 28 24 24 24 28 26 24 28 28 24 24 26 24 26 26 27 26 25 27 24 27 28 24 28 24 24 24 22 27 27 22 26 22 25 27 28 28 27 24 28 24 26 27 25 24 22 28 25 26 28 27 27 27 26 27 22 27 25 28 26 22 22 28 24 25 24 24 26 25 27 24 24 28 22 27 24 28 28 


91 1 97 25 29
25 28 25 27 25 27 28 27 27 28 28 27 28 26 25 28 28 28 28 25 28 28 25 28 28 26 27 27 27 27 27 26 27 28 25 28 25 26 26 27 28 28 27 27 28 27 26 25 28 27 28 28 27 26 28 26 28 26 28 25 27 28 26 28 25 26 28 27 27 27 25 27 25 26 28 25 28 27 26 28 27 26 28 26 25 26 27 28 26 27 28 28 25 27 28 26 25 28 28 28 28 26 26 28 


92 2 87 15 20
16 15 16 15 15 20 18 18 15 18 18 18 15 16 20 20 20 15 15 18 16 20 18 18 18 18 18 18 18 15 20 16 20 18 20 20 18 18 20 18 18 18 15 18 20 15 20 18 15 16 20 16 18 20 20 20 16 15 16 20 15 16 15 18 20 16 20 18 20 20 16 20 20 16 16 20 20 20 18 16 16 20 15 20 18 15 15 18 15 20 16 20 16 16 18 16 20 20 18 20 18 20 18 16 18 15 15 20 16 18 20 20 16 20 20 


93 2 94 20 22
22 20 20 21 21 21 20 22 20 21 20 22 22 20 21 21 22 20 20 20 22 22 21 22 22 21 21 20 21 22 22 21 22 20 22 22 21 21 22 21 22 20 20 21 20 21 21 22 20 20 20 22 20 22 20 22 22 20 21 20 22 22 21 20 20 20 21 22 22 22 21 20 22 22 20 20 20 21 22 22 20 21 22 22 21 21 20 20 21 22 21 22 22 20 20 21 22 22 20 20 20 22 21 20 20 21 21 


94 2 57 15 23
21 20 22 22 22 18 20 22 15 22 20 18 16 22 22 15 21 18 18 20 18 20 22 18 16 22 21 21 21 22 22 22 18 15 18 16 20 20 16 21 18 20 16 20 18 22 22 21 22 16 15 16 18 21 18 21 22 16 18 16 21 22 15 20 20 16 16 21 18 16 18 20 22 20 21 22 18 22 21 22 21 21 22 16 18 20 22 16 15 22 16 18 18 22 20 15 18 22 15 20 18 16 20 20 18 21 16 20 16 16 22 18 22 22 16 21 18 15 15 16 20 20 22 22 18 16 20 15 16 22 18 20 21 20 18 16 18 18 21 18 18 20 20 22 20 15 18 22 15 18 22 15 20 22 16 22 16 20 22 18 15 16 21 22 18 18 21 20 21 18 22 15 15 22 22 18 


95 0 92 3 12
12 9 4 9 8 6 6 12 4 6 8 4 12 4 9 12 10 6 6 4 9 9 8 12 6 12 6 4 9 8 6 8 4 4 6 10 4 4 10 9 4 6 12 8 4 12 12 9 8 12 6 8 4 4 4 4 4 8 4 12 12 8 12 4 6 8 10 12 8 4 8 4 8 6 6 10 9 6 4 4 8 12 6 8 12 8 6 9 4 9 6 6 4 9 9 12 4 8 4 6 6 6 6 6 4 8 12 12 6 


96 0 81 43 54
44 45 54 52 44 50 54 49 51 48 54 45 50 48 54 54 50 52 46 54 48 44 54 46 54 44 50 48 54 46 54 48 48 54 48 54 54 52 49 44 45 49 46 45 51 45 48 48 51 50 44 49 44 46 50 49 44 44 51 52 44 44 54 51 51 44 51 54 48 51 50 48 44 45 44 52 48 46 52 45 45 45 52 54 49 46 54 49 51 44 46 46 44 52 54 45 44 44 45 51 51 45 54 51 52 54 48 49 44 54 49 49 50 44 51 51 54 44 44 44 54 52 48 48 


97 2 91 15 25
16 24 24 20 22 20 20 16 16 20 15 20 25 20 18 15 22 25 20 20 20 24 20 25 20 16 20 18 24 25 15 25 18 25 20 20 22 21 24 21 20 22 22 20 21 20 21 18 24 21 24 20 25 25 18 22 25 18 25 22 24 25 24 18 22 15 21 18 18 15 16 25 21 24 15 22 18 20 24 18 20 18 22 18 18 18 15 20 20 24 21 16 15 18 24 22 20 25 24 24 22 20 20 16 20 18 20 20 20 20 


98 2 82 14 23
20 18 15 20 15 15 21 18 18 20 20 15 22 18 18 21 22 20 14 22 20 14 20 22 22 18 22 21 21 20 14 20 15 16 16 21 15 21 22 22 20 22 21 20 20 22 15 20 16 20 20 14 15 14 21 15 20 14 21 18 16 14 22 21 18 20 22 14 15 20 16 16 16 22 18 15 18 21 15 22 22 16 18 20 22 18 18 22 22 22 14 14 18 22 21 14 20 21 22 15 16 21 21 15 20 22 20 22 20 15 22 22 22 20 22 14 18 15 20 18 16 20 


99 2 71 60 71
65 62 68 65 60 63 62 69 66 69 68 64 66 68 63 60 68 60 64 66 60 62 62 70 60 62 69 69 68 60 69 60 62 65 62 68 62 65 62 65 60 70 62 70 62 69 68 70 62 68 70 66 62 68 63 70 70 62 65 68 65 66 68 65 65 70 66 68 68 69 60 60 66 70 70 65 70 69 64 65 62 63 62 70 62 62 65 64 62 62 65 66 62 68 60 69 66 62 64 62 68 65 69 60 69 63 66 68 70 69 64 62 69 60 62 68 65 68 62 70 70 65 63 60 66 64 62 64 65 64 68 62 62 64 68 66 68 60 68 69 65 


100 0 93 10 17
12 12 14 16 16 10 14 10 16 16 14 16 14 15 16 10 16 14 15 10 16 12 12 15 14 14 12 12 14 12 16 14 16 14 16 16 16 14 16 14 16 16 14 14 10 14 16 14 16 12 12 16 12 14 10 14 16 16 16 14 14 16 15 10 16 10 10 16 14 12 14 14 12 14 14 16 14 10 12 14 12 12 10 14 12 10 16 10 10 12 14 14 12 12 12 16 12 14 12 16 14 16 12 15 12 15 16 10
