1 3 2
2 2 5
3 2 8
4 0 8
5 0 9
6 0 2
7 2 5
8 3 9
9 2 7
10 3 7
11 0 7
12 3 2
13 1 3
14 0 2
15 1 6
16 2 7
17 2 3
18 3 4
19 0 3
20 0 5
21 1 5
22 2 8
23 3 3
24 2 3
25 3 8
26 3 9
27 2 2
28 0 5
29 2 7
30 3 8
31 1 7
32 2 9
33 3 4
34 1 2
35 3 2
36 0 7
37 3 3
38 3 7
39 0 5
40 2 6
41 1 2
42 2 4
43 3 5
44 0 9
45 2 7
46 2 2
47 3 5
48 3 5
49 3 7
50 1 5
51 3 9
52 1 4
53 2 9
54 3 2
55 0 2
56 1 5
57 2 8
58 1 5
59 2 5
60 1 6
61 0 8
62 1 9
63 3 7
64 1 2
65 3 2
66 2 2
67 0 9
68 0 8
69 0 8
70 2 6
71 3 6
72 1 4
73 0 3
74 3 5
75 2 6
76 0 7
77 0 8
78 0 2
79 1 8
80 2 8
81 3 8
82 3 4
83 3 7
84 2 4
85 3 7
86 3 2
87 3 4
88 3 2
89 3 6
90 1 5
91 1 9
92 0 5
93 0 3
94 2 8
95 1 6
96 3 4
97 1 2
98 3 8
99 2 7
100 3 2